chi2: 0.00791837983684857
llh: -5.0607120811959705
simulation_files:
- _simulations.tsv
tol_chi2: 0.001
tol_llh: 0.001
tol_simulations: 0.001
