chi2: 30.840820345020646
llh: -15.871992877799777
simulation_files:
- _simulations.tsv
tol_chi2: 0.001
tol_llh: 0.001
tol_simulations: 0.001
