chi2: 44.67749724597132
llh: -22.790331328275112
simulation_files:
- _simulations.tsv
tol_chi2: 0.001
tol_llh: 0.001
tol_simulations: 0.001
