Algebraic Rules!

ODEs (define the individual ODE equations - 1 per line)!
dx1/dt = p13*((1-exp(-p16*x1))*p17*d1*(-p18*x3^2+p19*x3-p20)*(x2-p21)/(p17*d1+(-p18*x3^2+p19*x3-p20)*(x2-p21)))-p14*x1*2^(0.1*x3-2.5)
dx2/dt = (1/p7)*(-((1-exp(-p16*x1))*p17*d1*(-p18*x3^2+p19*x3-p20)*(x2-p21)/(p17*d1+(-p18*x3^2+p19*x3-p20)*(x2-p21)))+ p15*x1*2^(0.1*x3-2.5)+u1/1e6-(u2/1e3+p6)*(x2-d3))
dx3/dt = (1/p9)*(u3-(p10*u2/1e3+p11)*(x3-d2)+p12*d1)
dx4/dt = (1/p8)*((1-exp(-p16*x1))*p22*(p1/(p4*(x3+p5))*exp(p2*x3/(x3+p3))-x4)-(u2/1e3+p6)*(x4-d4))

Input variables!
u1 = d1/300;
u2 = 0.1;
u3 = d1/10;

Measured Outputs (define the measured sensors - 1 per line)!
y1 = 1e-3*10^6*R*(x3+C2K)*x2/(P*M_CO2)
y2 = x3
y3 = (100*R*(x3+C2K)/(Mw*(610.78*exp(17.2694*x3/(x3+238.3)))))*x4

Parameter names and values (define all the system parameters - 1 per line, OPTIONAL - define known paramter values)!
p1 = 9348
p2 = 17.4
p3 = 239
p4 = 8314
p5 = 273.15
p6 = 7.5000e-05
p7 = 4.1
p8 = 4.1
p9 = 30000
p10 = 1290
p11 = 6.1
p12 = 0.2
p13 = 0.544
p14 = 2.6500e-07
p15 = 4.8700e-07
p16 = 53
p17 = 3.5500e-09
p18 = 5.1100e-06
p19 = 2.3000e-04
p20 = 6.2900e-04
p21 = 5.2000e-05
p22 = 0.0036
R = 8.3144598
C2K = 273.15
M_CO2 = 44.01e-3
P = 101325    
Mw = 18.01528e-3
d1 = 103.4102 % outside radiation
d2 = 7.7940 % outside temperature
d3 = 0.0009 % outside C)2
d4 = 0.0061 % outside humidity

State names and initial values (define all the model state names - 1 per line, OPTIONAL - define known initial values)!
x1 = 0.0035
x2 = 1e-03
x3 = 15
x4 = 0.008

Analyse (if empty all states/parameters are included)!
x1
x2
x3
x4
p17