chi2: 0.2682957616816964
llh: -0.544908591610048
simulation_files:
- _simulations.tsv
tol_chi2: 0.001
tol_llh: 0.001
tol_simulations: 0.001
