chi2: 3.2265621158785516
llh: -1.3823325536484798
simulation_files:
- _simulations.tsv
tol_chi2: 0.001
tol_llh: 0.001
tol_simulations: 0.001
