chi2: 0.2682957616816964
llh: -1.378941036858004
simulation_files:
- _simulations.tsv
tol_chi2: 0.001
tol_llh: 0.001
tol_simulations: 0.001
