chi2: 0.03167351934739428
llh: -3.686295289831353
simulation_files:
- _simulations.tsv
tol_chi2: 0.001
tol_llh: 0.001
tol_simulations: 0.001
