chi2: 0.7918379836848569
llh: -0.8475016971318833
simulation_files:
- _simulations.tsv
tol_chi2: 0.001
tol_llh: 0.001
tol_simulations: 0.001
