chi2: 0.11346973122770035
llh: -3.7324889984325407
simulation_files:
- _simulations.tsv
tol_chi2: 0.001
tol_llh: 0.001
tol_simulations: 0.001
