chi2: 0.6128279546163969
llh: -0.7579966825976534
simulation_files:
- _simulations.tsv
tol_chi2: 0.001
tol_llh: 0.001
tol_simulations: 0.001
